lastAccountName: Saphiraflame
timestamps:
  login: 1504668927294
  logout: 1504668928714
ipAddress: 127.0.0.1
lastlocation:
  world: world
  x: -3.5
  y: 122.0
  z: 108.5
  yaw: 0.0
  pitch: 0.0
logoutlocation:
  world: world
  x: -10.638713444400723
  y: 91.07600002069475
  z: 75.30000001192093
  yaw: -127.49034
  pitch: 25.853914
