lastAccountName: gaytenc
timestamps:
  login: 1504927883644
  logout: 1504930800088
  lastteleport: 1504924850419
ipAddress: 127.0.0.1
afk: false
logoutlocation:
  world: world
  x: -17.309423931685295
  y: 92.14656961130552
  z: 55.10648508990662
  yaw: -332.76917
  pitch: 77.774574
lastlocation:
  world: world
  x: -3.5
  y: 124.0
  z: 109.5
  yaw: 0.0
  pitch: 0.0
