lastAccountName: Nekit_HD
timestamps:
  login: 1504661418443
  logout: 1504661425834
ipAddress: 127.0.0.1
lastlocation:
  world: world
  x: -9.5
  y: 96.0
  z: 98.5
  yaw: 0.0
  pitch: 0.0
logoutlocation:
  world: world
  x: -214.42507737801267
  y: 78.25305266628072
  z: 218.9751461465739
  yaw: -0.62593794
  pitch: 22.258724
