spawns: 
  default: 
    world: world
    x: -5.30000001192092
    y: 124.93152764963656
    z: 108.72929135264707
    yaw: -87.31152
    pitch: 65.69991
  "0,0": 
    world: world
    x: -5.30000001192092
    y: 124.93152764963656
    z: 108.72929135264707
    yaw: -87.31152
    pitch: 65.69991
  "0 0": 
    world: world
    x: -0.22736941965635854
    y: 54.656688505315415
    z: -1.3752823322635188
    yaw: -177.31175
    pitch: 39.299934
